3110.268066
3067.402344
3028.635254
2991.079590
2954.853027
2919.729004
2885.241211
2851.130859
2817.300781
2783.821289
2750.647461
2717.775879
2685.220703
2653.033203
2621.169922
2589.677246
2558.576660
2527.848633
2497.448242
2467.382324
2437.633789
2408.222168
2379.204834
2350.617188
2322.432861
2294.591797
2267.112305
2239.918945
2213.042480
2186.490479
2160.238037
2134.238037
2108.505859
2083.037842
2057.821045
2032.841797
2008.094849
1983.589722
1959.322266
1935.285645
1911.485718
1887.926025
1864.605957
1841.536377
1818.717896
1796.152588
1773.836670
1751.772705
1729.961060
1708.397705
1687.083252
1666.021606
1645.211914
1624.655273
1604.353760
1584.306396
1564.510132
1544.963379
1525.665405
1506.613281
1487.804810
1469.236694
1450.906860
1432.812622
1414.949463
1397.313721
1379.901123
1362.712402
1345.743896
1328.993896
1312.460815
1296.142700
1280.034424
1264.133545
1248.439209
1232.946533
1217.651855
1202.550903
1187.643311
1172.927246
1158.401367
1144.064453
1129.915039
1115.950195
1102.166016
1088.559814
1075.127441
1061.872437
1048.790039
1035.878174
1023.132568
1010.549438
998.127563
985.865417
973.762024
961.813599
950.016357
938.367065
926.864014
915.505737
904.290833
893.217529
882.284668
871.491821
860.836121
850.315063
839.926270
829.667603
819.537720
809.534851
799.657104
789.899170
780.259033
770.735840
761.328369
752.035400
742.857178
733.790894
724.833618
715.984436
707.242065
698.605652
690.073242
681.644470
673.317749
665.093140
656.968994
648.945068
641.019714
633.193115
625.462219
617.826843
610.287231
602.840210
595.484863
588.221436
581.047119
573.961182
566.961487
560.045288
553.211731
546.461792
539.794922
533.212402
526.712219
520.295044
513.959839
507.704865
501.531311
495.439331
489.426361
483.491577
477.634277
471.851013
466.142944
460.509705
454.950104
449.463409
444.049744
438.710205
433.443359
428.250366
423.130890
418.083038
413.105408
408.197083
403.358032
398.586609
393.882233
389.243683
384.669250
380.157074
375.705658
371.314667
366.983337
362.711670
358.498749
354.343231
350.245453
346.203339
342.215179
338.282593
334.406219
330.585754
326.820496
323.110535
319.455414
315.855316
312.308563
308.814819
305.374329
301.985779
298.648071
295.358704
292.114624
288.915955
285.761475
282.650024
279.580841
276.553711
273.570496
270.631104
267.733765
264.878784
262.067230
259.300873
256.579132
253.901703
251.268845
248.678848
246.129593
243.622177
241.153397
238.723221
236.329926
233.973068
231.651855
229.364410
227.108994
224.887634
222.701218
220.550018
218.434021
216.352448
214.305054
212.291443
210.311142
208.363617
206.448517
204.564484
202.710938
200.889221
199.094971
197.331390
195.597046
193.890335
192.211380
190.558624
188.932297
187.332886
185.758820
184.207733
182.678589
181.172150
179.688919
178.230072
176.796738
175.386108
173.999939
172.637543
171.298111
169.981003
168.686813
167.415527
166.167267
164.941803
163.739441
162.560547
161.403549
160.266937
159.150482
158.053696
156.975281
155.915161
154.872833
153.848114
152.839508
151.846542
150.867874
149.903992
148.954590
148.019928
147.100342
146.195770
145.305969
144.431290
143.571838
142.726471
141.892960
141.073746
140.268097
139.474777
138.695450
137.929077
137.175278
136.434769
135.707321
134.993103
134.292465
133.605270
132.930344
132.266937
131.616318
130.977509
130.349487
129.732849
129.127121
128.531189
127.944977
127.368301
126.801727
126.245224
125.698425
125.162186
124.636375
124.120819
123.615402
123.119804
122.634079
122.158142
121.691093
121.232498
120.782265
120.340103
119.905487
119.477020
119.051636
118.632248
118.219109
117.811470
117.407166
117.007896
116.614304
116.226234
115.844040
115.467972
115.098045
114.734314
114.377701
114.027870
113.685394
113.350586
113.022903
112.702271
112.388474
112.081345
111.780075
111.481270
111.186119
110.895050
110.607971
110.325027
110.046272
109.771927
109.501961
109.236145
108.974503
108.716965
108.463242
108.213547
107.967712
107.724930
107.486900
107.255585
107.029381
106.806160
106.585754
106.369667
106.156960
105.948395
105.744057
105.543091
105.343475
105.145645
104.949951
104.756737
104.566330
104.378555
104.193321
104.009979
103.828598
103.649475
103.472580
103.297729
103.125237
102.955879
102.789284
102.625725
102.465088
102.307205
102.152054
101.998932
101.846710
101.694229
101.543243
101.393280
101.243927
101.095673
100.948448
100.802933
100.658745
100.514679
100.370239
100.226486
100.084183
99.943634
99.805504
99.669853
99.537704
99.408661
99.282455
99.158867
99.037437
98.918091
98.800987
98.685501
98.571480
98.459595
98.349709
98.241241
98.131477
98.022095
97.913132
97.804626
97.696419
97.588928
97.482018
97.375748
97.268448
97.157043
97.044395
96.930832
96.816879
96.702789
96.589432
96.477180
96.366669
96.256424
96.143433
96.031151
95.919312
95.809891
95.703110
95.600029
95.500717
95.404106
95.309959
95.217728
95.127281
95.038651
94.951920
94.866707
94.783081
94.700974
94.620651
94.542030
94.464706
94.388733
94.314270
94.240753
94.167892
94.095848
94.024544
93.954132
93.884659
93.816299
93.749084
93.683121
93.617943
93.553467
93.489601
93.426208
93.363983
93.302505
93.242020
93.182114
93.122955
93.064270
93.005203
92.943115
92.879723
92.815475
92.751083
92.686554
92.622192
92.557999
92.494354
92.431335
92.369331
92.308853
92.249786
92.193375
92.138611
92.086113
92.035927
91.987869
91.941589
91.896881
91.853691
91.811691
91.771194
91.731705
91.693192
91.655701
91.619400
91.584068
91.549881
91.516983
91.485207
91.454544
91.425140
91.396713
91.369240
91.342819
91.317184
91.292526
91.268700
91.245567
91.223495
91.202332
91.181885
91.162170
91.143410
91.125290
91.108345
91.091782
91.076538
91.061882
91.048294
91.035423
91.023422
91.012390
91.002029
90.992355
90.983307
90.975174
90.967659
90.960632
90.954269
90.948494
90.943604
90.939240
90.935844
90.932930
90.930878
90.928764
90.927696
90.927307
90.927185
90.927948
90.928528
90.929848
90.931244
90.932709
90.931297
90.928749
90.924820
90.920959
90.916847
90.913498
90.910622
90.908478
90.907257
90.907150
90.907867
90.909935
90.913155
90.918381
90.925209
90.934372
90.945808
90.959328
90.974548
90.990601
91.007149
91.024773
91.042877
91.061478
91.080177
91.099358
91.118355
91.134499
91.150345
91.165283
91.180168
91.195328
91.210648
91.226593
91.242996
91.260330
91.278122
91.296753
91.316132
91.337234
91.359756
91.384140
91.410210
91.438568
91.468231
91.499153
91.531029
91.563614
91.596992
91.630661
91.664543
91.698517
91.732971
91.767776
91.802658
91.837555
91.873260
91.909126
91.945847
91.982834
92.019775
92.057045
92.094772
92.132896
92.171349
92.210144
92.249084
92.288391
92.327904
92.367279
92.406395
92.445641
92.484985
92.524338
92.563789
92.602722
92.641968
92.681396
92.719955
92.759293
92.797630
92.836388
92.873199
92.906036
92.937668
92.967072
92.996819
93.026031
93.054871
93.084465
93.113823
93.143417
93.174271
93.206741
93.240105
93.275726
93.313286
93.352997
93.396027
93.440002
93.486542
93.533607
93.582047
93.630157
93.679955
93.729034
93.779495
93.829712
93.879257
93.929459
93.980339
94.030655
94.082123
94.133652
94.185371
94.237213
94.289764
94.342453
94.395737
94.449005
94.503242
94.557526
94.612289
94.667236
94.722656
94.778198
94.834122
94.890106
94.946579
95.003181
95.059532
95.116425
95.172684
95.228813
95.285309
95.341415
95.397896
95.454300
95.510567
95.566856
95.623566
95.680008
95.737251
95.794556
95.851875
95.909531
95.967606
96.025803
96.084152
96.142921
96.201851
96.260941
96.320076
96.379982
96.438835
96.498657
96.558472
96.618240
96.677841
96.737671
96.798386
96.859573
96.920532
96.982018
97.043106
97.104477
97.165863
97.227280
97.288910
97.350769
97.412399
97.474022
97.535797
97.597527
97.659363
97.721443
97.783722
97.846062
97.908707
97.971848
98.034683
98.097870
98.161652
98.225067
98.289040
98.352821
98.417130
98.481140
98.546265
98.610542
98.674896
98.739365
98.803757
98.868439
98.932953
98.997902
99.062927
99.128143
99.193787
99.259186
99.324936
99.390717
99.457176
99.523613
99.590683
99.657867
99.725632
99.793137
99.861145
99.929092
99.997681
100.065956
100.134857
100.203888
100.273018
100.342812
100.412567
100.482834
100.553314
100.624054
100.695221
100.766693
100.838127
100.910416
100.982277
101.054749
101.127121
101.200211
101.273232
101.346046
101.419647
101.493179
101.566414
101.640244
101.714287
101.787903
101.862320
101.936142
102.011047
102.085373
102.160362
102.235191
102.309914
102.384735
102.459717
102.534218
102.608444
102.682175
102.755661
102.828842
102.902428
102.975563
103.049057
103.123085
103.196793
103.271149
103.345337
103.419777
103.494507
103.569847
103.645004
103.720879
103.796570
103.873108
103.949402
104.026649
104.103432
104.181229
104.258347
104.336456
104.414268
104.492950
104.571510
104.650528
104.729820
104.808792
104.887703
104.966927
105.046059
105.125519
105.205292
105.285118
105.365097
105.445221
105.525818
105.606354
105.687248
105.767944
105.849388
105.930328
106.011971
106.093391
106.175613
106.257607
106.340004
106.422318
106.505486
106.588043
106.671913
106.754730
106.838661
106.922462
107.005844
107.089661
107.173576
107.257477
107.341568
107.425568
107.509605
107.593399
107.677780
107.761475
107.845932
107.929649
108.013817
108.097466
108.180962
108.264236
108.347237
108.430542
108.513535
108.596642
108.679665
108.762741
108.845810
108.929512
109.012695
109.096268
109.180153
109.263824
109.347939
109.431458
109.515373
109.598969
109.683044
109.766891
109.851730
109.935768
110.020813
110.105461
110.191101
110.276421
110.362183
110.448578
110.534927
110.621666
110.708763
110.795860
110.883202
110.970703
111.058426
111.146530
111.234917
111.323380
111.411880
111.500305
111.589417
111.678528
111.767380
111.856773
111.945419
112.034897
112.124016
112.213387
112.302460
112.391853
112.481262
112.570267
112.659630
112.748184
112.835724
112.922409
113.006897
113.091835
113.176163
113.259888
113.344727
113.427711
113.511765
113.595360
113.679962
113.764069
113.849098
113.933990
114.019943
114.106400
114.192963
114.280586
114.368690
114.457253
114.546669
114.636932
114.728195
114.819969
114.912453
115.005226
115.098083
115.191299
115.284653
115.377853
115.471237
115.565140
115.658401
115.752350
115.846375
115.940765
116.036057
116.131111
116.226921
116.322403
116.417397
116.513489
116.608871
116.704514
116.800537
116.896317
116.992279
117.088943
117.185310
117.281883
117.378746
117.475739
117.572571
117.669952
117.767204
117.864410
117.962082
118.059799
118.157623
118.255402
118.353645
118.451675
118.549873
118.648285
118.747025
118.845314
118.944054
119.042717
119.141502
119.240387
119.339523
119.438461
119.537903
119.637123
119.736633
119.836075
119.935730
120.035385
120.135361
120.235413
120.335266
120.435333
120.535797
120.636063
120.736305
120.836731
120.937378
121.037994
121.138695
121.239410
121.340492
121.441475
121.542534
121.643379
121.744766
121.845963
121.947197
122.049133
122.150307
122.251839
122.353996
122.455215
122.556961
122.658722
122.760529
122.862595
122.964355
123.066124
123.168587
123.270493
123.372498
123.475136
123.577316
123.679741
123.782494
123.885071
123.988205
124.091248
124.194077
124.297775
124.400894
124.504326
124.607986
124.711533
124.815437
124.919098
125.023117
125.127159
125.231346
125.335876
125.440193
125.544884
125.649506
125.754295
125.859283
125.964211
126.069351
126.174362
126.279694
126.385056
126.490250
126.595856
126.701279
126.806946
126.912354
127.018196
127.123718
127.229057
127.334435
127.439407
127.544113
127.649063
127.753654
127.858536
127.963387
128.068329
128.173615
128.278717
128.384094
128.489609
128.595184
128.701324
128.807343
128.913712
129.020111
129.126953
129.234070
129.341110
129.448715
129.556091
129.664001
129.771759
129.880081
129.988220
130.096680
130.205231
130.313965
130.422729
130.531906
130.640900
130.750031
130.859619
130.968796
131.078415
131.188049
131.297546
131.407440
131.517181
131.627350
131.737640
131.847458
131.957932
132.068146
132.178497
132.289307
132.399811
132.510376
132.621552
132.732361
132.843506
132.954483
133.065659
133.176849
133.288040
133.399506
133.511139
133.622589
133.734116
133.845642
133.957306
134.068542
134.179810
134.290741
134.401382
134.511963
134.622391
134.732849
134.843369
134.953796
135.064606
135.175537
135.286530
135.397766
135.509277
135.620758
135.732971
135.845062
135.957581
136.070267
136.183136
136.296326
136.409760
136.523407
136.637177
136.751221
136.865433
136.979950
137.094604
137.209320
137.324493
137.439590
137.554794
137.670197
137.785950
137.901581
138.017426
138.133453
138.249420
138.365692
138.481934
138.598267
138.714615
138.831116
138.947906
139.064392
139.181305
139.297943
139.414719
139.531555
139.648361
139.765076
139.881866
139.998779
140.115540
140.232559
140.349213
140.466354
140.583252
140.700653
140.817749
140.935577
141.053070
141.170898
141.289062
141.407074
141.525848
141.644470
141.763245
141.882599
142.001587
142.120667
142.240753
142.360168
142.480469
142.600815
142.720917
