3110.268066
3067.402344
3028.635254
2991.079590
2954.853760
2919.733398
2885.244629
2851.134277
2817.302246
2783.825928
2750.656006
2717.780762
2685.227295
2653.042480
2621.178467
2589.683105
2558.585938
2527.857910
2497.454102
2467.377686
2437.625732
2408.221680
2379.202148
2350.611816
2322.424316
2294.590332
2267.111328
2239.920166
2213.046387
2186.497559
2160.242676
2134.234863
2108.501953
2083.038574
2057.823975
2032.844971
2008.096802
1983.583740
1959.312622
1935.273926
1911.473389
1887.916260
1864.598755
1841.528809
1818.714111
1796.150146
1773.835327
1751.769531
1729.949463
1708.378662
1687.061035
1666.000244
1645.194824
1624.646851
1604.355469
1584.319336
1564.534668
1544.998535
1525.710205
1506.666626
1487.864746
1469.302368
1450.975098
1432.880371
1415.013916
1397.371582
1379.953857
1362.760376
1345.789062
1329.037109
1312.503418
1296.183472
1280.075439
1264.174805
1248.478271
1232.983643
1217.686768
1202.586670
1187.681641
1172.970215
1158.450684
1144.119507
1129.976074
1116.016113
1102.233521
1088.627441
1075.196533
1061.938110
1048.852539
1035.937256
1023.187256
1010.600159
998.176392
985.913208
973.810364
961.863770
950.071655
938.428223
926.933105
915.585022
904.381165
893.317993
881.372559
868.721436
855.497070
841.778564
827.702332
813.401306
798.951416
784.294312
769.504395
754.473816
739.308533
724.063965
708.575195
693.192139
677.927979
662.757568
647.728516
632.861938
618.195984
603.789917
589.652466
575.784302
562.202637
548.905396
535.905945
523.211182
510.835083
498.791199
487.071014
475.661682
464.574341
453.810059
443.381104
433.277710
423.498230
414.025665
404.847900
395.954956
387.337036
378.993713
370.921509
363.115753
355.572723
348.279175
341.231506
334.418884
327.839691
321.487122
315.365051
309.463623
303.769775
298.279236
292.986694
287.885559
282.962097
278.209900
273.623322
269.197723
264.923828
260.802490
256.827087
252.999023
249.295898
245.711441
242.255341
238.913940
235.674683
232.548264
229.530273
226.605927
223.770676
221.024536
218.363892
215.788055
213.288467
210.869583
208.526031
206.259613
204.060242
201.926880
199.860504
197.866028
195.934570
194.063141
192.247452
190.491196
188.791443
187.143234
185.542236
183.990906
182.482269
181.014435
179.591675
178.206451
176.855530
175.538361
174.255325
172.999344
171.774872
170.580078
169.412659
168.269272
167.153061
166.063004
164.999374
163.962097
162.948624
161.957703
160.987183
160.039337
159.113129
158.209167
157.322830
156.455765
155.601898
154.762085
153.939987
153.133636
152.341583
151.561981
150.793701
150.035339
149.288239
148.554169
147.832886
147.126862
146.433380
145.753723
145.088074
144.436447
143.798248
143.172379
142.554993
141.945786
141.347549
140.763489
140.190765
139.626831
139.070862
138.524490
137.989166
137.464325
136.949890
136.442627
135.941696
135.448608
134.963547
134.487671
134.018860
133.557617
133.106094
132.662506
132.226303
131.797867
131.375473
130.959885
130.550400
130.146408
129.747299
129.350128
128.957764
128.570297
128.185562
127.802979
127.422585
127.045174
126.672379
126.303574
125.941360
125.584282
125.231186
124.882561
124.540558
124.202751
123.871170
123.545647
123.225594
122.912430
122.603241
122.299507
122.001930
121.710701
121.423325
121.140793
120.862160
120.587662
120.318665
120.053413
119.792870
119.535133
119.279030
119.027199
118.778328
118.532906
118.290405
118.050911
117.814789
117.582932
117.357193
117.135078
116.916138
116.700333
116.488907
116.281685
116.077881
115.877975
115.680817
115.486969
115.296631
115.110352
114.927002
114.745819
114.566086
114.390305
114.218193
114.048859
113.882828
113.720421
113.562309
113.408150
113.258072
113.112518
112.970596
112.832520
112.698112
112.568047
112.442261
112.320175
112.202026
112.087662
111.977211
111.869446
111.764671
111.663490
111.565445
111.471268
111.380157
111.291229
111.204437
111.121025
111.039719
110.961388
110.884155
110.810051
110.738350
110.669197
110.601929
110.536949
110.474060
110.414513
110.356201
110.299660
110.245590
110.192940
110.142242
110.093330
110.047325
110.003639
109.961746
109.922562
109.884361
109.847656
109.813156
109.779755
109.747787
109.718788
109.690689
109.664192
109.639565
109.616058
109.593903
109.573906
109.555107
109.539017
109.523781
109.509087
109.495209
109.483627
109.473282
109.465027
109.458221
109.451790
109.446053
109.441109
109.438690
109.437805
109.437515
109.439247
109.441132
109.444656
109.448334
109.452202
109.457718
109.461823
109.465057
109.467407
109.470490
109.472946
