3110.268066
3067.402344
3028.635254
2991.081299
2954.854004
2919.730469
2885.242188
2851.133789
2817.302734
2783.824707
2750.654785
2717.781738
2685.229248
2653.041016
2621.180176
2589.685303
2558.588623
2527.856201
2497.455566
2467.385498
2437.626709
2408.217041
2379.194580
2350.611084
2322.432861
2294.591797
2267.105957
2239.905273
2213.020996
2186.467529
2160.216553
2134.209717
2108.476074
2083.013184
2057.796143
2032.817139
2008.072876
1983.564697
1959.295654
1935.260498
1911.458740
1887.903564
1864.590454
1841.529419
1818.718506
1796.155884
1773.848267
1751.794189
1729.988525
1708.431152
1687.125244
1666.073975
1645.272827
1624.722778
1604.424072
1584.377808
1564.583740
1545.039062
1525.742676
1506.690430
1487.879395
1469.312012
1450.986084
1432.896729
1415.037842
1397.406128
1379.999756
1362.817383
1345.858643
1329.121094
1312.602295
1296.297607
1280.205078
1264.317627
1248.632324
1233.148926
1217.864502
1202.777344
1187.887207
1173.191895
1158.687500
1144.372803
1130.243530
1116.295898
1102.526123
1088.930664
1075.507080
1062.257324
1049.180176
1036.267334
1023.518005
1010.928711
998.503906
986.241211
974.135071
962.183899
950.386658
938.740662
927.244934
915.895630
904.690552
2458.761719
2426.534668
2387.792480
2346.273682
2302.974854
2257.584229
2210.394287
2161.881104
2112.976318
2064.605957
2016.998291
1969.996704
1923.382080
1877.063721
1831.619995
1787.239746
1743.627930
1700.732544
1658.603394
1617.260498
1576.736206
1537.117798
1498.402100
1460.617676
1423.748169
1387.779175
1352.730225
1318.635742
1285.513916
1253.347534
1222.124512
1191.803223
1162.407104
1133.904541
1106.284302
1079.524902
1053.618896
1028.532471
1004.266418
980.804871
958.130859
936.242371
915.136841
894.741211
875.042847
856.014038
837.631042
819.878235
802.748962
786.217224
770.266663
754.870850
740.015747
725.684631
711.861450
698.513611
685.629272
673.210938
661.225159
649.651184
638.482666
627.725220
617.351074
607.335083
597.665466
588.338013
579.336914
570.650879
562.264648
554.169617
546.351868
538.797974
531.500488
524.446472
517.634827
511.057037
504.703644
498.560059
492.620544
486.873352
481.312286
475.924744
470.696045
465.625610
460.719818
455.964294
451.357758
446.895630
442.567566
438.364105
434.287170
430.337952
426.507874
422.793152
419.189575
415.699341
412.311493
409.026276
405.841980
402.755554
399.760437
396.851410
394.027832
391.283264
388.613495
386.016907
383.491669
381.030426
378.628967
376.288910
374.009216
371.783020
369.610260
367.493286
365.427917
363.407562
361.437469
359.516693
357.643738
355.821594
354.061615
352.349182
350.682556
349.058838
347.476379
345.931152
344.423920
342.953339
341.521423
340.125458
338.762665
337.435547
336.141846
334.879517
333.647491
332.442017
331.262085
330.109314
328.982788
327.879272
326.799530
325.743530
324.708130
323.693024
322.699707
321.723938
320.764221
319.822998
318.901733
317.999695
317.115448
316.249390
315.398651
314.561829
313.739716
312.931458
312.139160
311.364868
310.606750
309.862823
309.136078
308.419708
307.714233
307.020813
306.338440
305.665283
305.003601
304.353516
303.715515
303.088165
302.472931
301.868500
301.272034
300.686035
300.110657
299.547729
298.993469
298.448212
297.913086
297.387695
296.872864
296.368225
295.872925
295.386841
294.909943
294.442688
293.984192
293.536011
293.096283
292.661713
292.233337
291.810577
291.397034
290.992676
290.593811
290.199524
289.811707
289.431152
289.059631
288.695129
288.337982
287.987396
287.643799
287.307007
286.976807
286.653259
286.337036
286.027954
285.727509
285.434357
285.148132
284.868256
284.592987
284.321198
284.054260
283.791321
283.533569
283.280457
283.031982
282.790283
282.552826
282.321289
282.095886
281.876801
281.663849
281.456635
281.255005
281.059326
280.869568
280.685547
280.507507
280.334961
280.167419
280.003326
279.843170
279.686584
279.533722
279.384033
279.238220
279.096375
278.959045
278.825317
278.694733
278.567688
278.444641
278.325134
278.208832
278.095245
277.983765
277.874542
277.768616
277.665619
277.565338
277.467468
277.371704
277.273041
277.171570
277.064941
276.956116
276.845947
276.737061
276.629883
276.525146
276.424316
276.327209
276.234436
276.143982
276.058228
275.976990
275.902039
275.832214
275.766846
275.705292
275.646973
275.592102
275.541443
275.493835
275.448242
275.404266
275.362427
275.322113
275.283386
275.246490
275.210083
275.175476
275.142883
275.112061
275.083221
275.056366
275.031006
275.005798
274.982117
274.960175
274.939087
274.918823
274.899200
274.880981
274.864319
274.848694
274.834351
274.820190
274.807800
274.796295
274.785767
274.776581
274.768799
274.762238
274.757538
274.753967
274.750916
274.748779
274.745972
274.744415
274.742798
274.741821
274.741882
274.743225
274.745300
274.747711
274.750549
274.752350
274.754333
274.756775
274.760681
274.764343
274.769409
274.774536
274.781860
274.789612
274.797760
274.807617
274.816803
274.823425
274.834534
274.850250
274.867340
274.884247
274.902649
274.921326
274.941223
274.962219
274.984558
275.008362
275.033203
275.059082
275.085571
275.112061
275.139313
275.167145
275.194916
275.223267
275.254425
275.287598
275.321442
275.355835
275.390564
275.426147
275.462830
275.499695
275.537842
275.576263
275.615417
275.655273
275.695557
275.736511
275.778259
275.820221
275.862915
275.906494
275.950684
275.995880
276.041656
276.087860
276.134979
276.182434
276.230408
276.279266
276.328278
276.377777
276.427460
276.477722
276.528168
276.580750
276.633942
276.687866
276.742126
276.796783
276.851990
276.907227
276.962311
277.018585
277.075592
277.133453
277.191559
277.249451
277.307770
277.366699
277.425232
277.484772
277.544250
277.603729
277.664001
277.723419
277.783691
277.843597
277.903351
277.963348
278.023438
278.084167
278.144653
278.206238
278.267517
278.329956
278.392456
278.454773
278.517517
278.581116
278.644531
278.709290
278.773560
278.839081
278.903931
278.969788
279.035797
279.101562
279.168304
279.234375
279.300842
279.367737
279.434784
279.501801
279.570129
279.637329
279.705933
279.773682
279.843079
279.911987
279.982483
280.052582
280.123596
280.194458
280.265442
280.337250
280.408600
280.480316
280.551575
280.624207
280.695312
280.767212
280.838226
280.909546
280.981018
281.053528
281.125275
281.198059
281.270355
281.342316
281.413879
281.483215
281.550629
281.616455
281.681671
281.746826
281.810059
281.872925
281.937317
282.002380
282.067291
282.132874
282.199951
282.267975
282.337219
282.406708
282.475983
282.545471
282.615692
282.686432
282.756592
282.826141
282.896606
282.966095
283.036682
283.106628
283.176636
283.246826
283.316498
283.387512
283.458038
283.528748
283.598572
283.670288
283.742889
283.814636
283.887268
283.960388
284.033783
284.105835
284.177917
284.248413
284.318939
284.388428
284.458740
284.528381
284.598877
284.669495
284.741547
284.812378
284.883118
284.953003
285.023682
285.094116
285.164978
285.232971
285.302002
285.371826
285.440216
285.509613
285.578033
285.646667
285.716309
285.787231
285.857697
285.929260
285.999969
286.070160
286.141541
286.211945
286.283783
286.355835
286.428741
286.501953
286.574402
286.646057
286.716736
286.788300
286.860168
286.933014
287.005188
287.079285
287.153076
287.227570
287.302765
287.377563
287.453247
287.529358
287.605591
287.682861
287.759644
287.837463
287.915344
287.993042
288.070984
288.148987
288.228149
288.306946
288.386719
288.466034
288.546570
288.628204
288.710388
288.793091
288.875336
288.958466
289.041077
289.122131
289.203491
289.285156
289.367401
289.449890
289.532959
289.616089
289.698303
289.780914
289.864319
289.948608
290.032349
290.115631
290.198242
290.280212
290.361694
290.441315
290.520416
290.599182
290.677734
290.756409
290.835663
290.916931
290.997742
291.079346
291.160889
291.244019
291.326599
291.410217
291.494690
291.580200
291.666962
291.753601
291.842926
291.931213
292.020447
292.110046
292.200745
292.293091
292.383972
292.475830
292.565002
292.654663
292.743744
292.832520
292.920776
293.010956
293.099945
293.189209
293.278351
293.368500
293.459686
293.550720
293.642242
293.733551
293.826141
293.917664
294.009552
294.101074
294.193787
294.286072
294.379211
294.472076
294.564667
294.657776
294.750275
294.843719
294.936279
295.028534
295.121277
295.212708
295.304413
295.395966
295.484558
295.573700
295.663666
295.753754
295.843018
295.932434
296.023651
296.112061
296.202271
296.291046
296.379364
296.464844
296.550323
296.634583
296.719208
296.804138
296.889404
296.975220
297.062866
297.151001
297.240967
297.331787
297.423279
297.515137
297.608704
297.701721
297.797058
297.891602
297.988129
298.084778
298.181488
298.279114
298.377136
298.476440
298.574738
298.675110
298.774536
298.874939
298.975952
299.076965
299.178894
299.279846
299.381622
299.483582
299.585449
299.687805
299.790100
299.892578
299.994751
300.096863
300.199097
300.301697
300.404236
300.507263
300.609680
300.712341
300.814209
300.915375
301.014526
301.107300
301.198883
301.288391
301.376495
301.464325
301.551910
301.639130
301.727173
301.816711
301.907959
302.002747
302.100159
302.200439
302.303589
302.408081
302.513428
302.619690
302.726074
302.832214
302.939636
303.046417
303.153809
303.261108
303.369141
303.475830
303.584045
303.691406
303.798920
303.907104
304.014038
304.122009
304.229248
304.337006
304.445099
304.552887
304.660645
304.769226
304.877655
304.985901
305.094513
305.203247
305.312195
305.421387
305.530457
305.640198
305.749817
305.859741
305.969818
306.079773
306.190186
306.300415
306.411499
306.522034
306.632812
306.743683
306.854614
306.966125
307.076782
307.188324
307.299683
307.411377
307.522552
307.634460
307.746155
307.858093
307.970062
308.082031
308.194214
308.306213
308.418610
308.531006
308.643250
308.755737
308.868347
308.979950
309.092224
309.203857
309.315857
309.427795
309.538879
309.650848
309.761719
309.873169
309.983521
310.094452
310.204132
310.310883
310.417938
310.524139
310.631226
310.738403
310.844177
310.950745
311.058685
311.166443
311.275970
311.389282
311.500763
311.612030
311.724060
311.836121
311.948975
312.062256
312.176697
312.289856
312.403564
312.517883
312.631836
312.745880
312.859741
312.974609
313.089447
313.205261
313.320221
313.436127
313.550995
313.665527
313.780151
313.895081
314.008759
314.122131
314.235962
314.349945
314.463989
314.578156
314.691772
314.806793
314.921265
315.036255
315.151001
315.266357
315.381958
315.497559
315.613281
315.730530
315.846191
315.963348
316.079407
316.196045
316.312622
316.429565
316.546570
316.663635
316.781586
316.898926
317.016022
317.134827
317.251770
317.370605
317.488922
317.607117
317.726013
317.845215
317.963409
318.083069
318.202942
318.322937
318.442261
318.562439
318.683197
318.802917
318.923553
319.044708
319.165588
319.285126
319.408142
319.528748
319.649841
319.771393
319.892883
320.014282
320.136688
320.258667
320.380859
320.502899
320.626160
320.748260
320.870300
320.993744
321.116516
321.238464
321.363190
321.484772
321.608154
321.731445
321.855103
321.978729
322.101501
322.225952
322.349213
322.471710
322.595886
322.719910
322.842773
322.966888
323.091583
323.214020
323.338440
323.463196
323.586731
323.712097
323.836731
323.961060
324.085419
324.210815
324.335785
324.461121
324.586487
324.711609
324.837555
324.962646
325.088745
325.213715
325.339935
325.464844
325.591766
325.714539
325.836029
325.955841
326.075562
326.194519
326.314148
326.433594
326.553650
326.674622
326.796265
326.918152
327.040283
327.164337
327.286621
327.409058
327.532715
327.657959
327.780212
327.900879
328.018982
328.135193
328.250427
328.365784
328.478333
328.587830
328.704193
328.821838
328.942383
329.061188
329.180603
329.302979
329.422974
329.536713
329.636658
329.731079
329.822754
329.911407
329.998474
330.086304
330.172729
330.267303
330.365204
330.471680
330.584290
330.699646
330.818817
330.940796
331.067078
331.194641
331.323517
331.452271
331.582031
331.711304
331.841248
331.972961
332.100891
332.230225
332.360229
332.489838
332.620972
332.753174
332.884186
333.013458
333.142059
333.272095
333.401093
333.530457
333.661682
333.793610
333.924713
334.056335
334.186768
334.317169
334.449524
334.578400
334.709290
334.839539
334.969391
335.098572
335.226440
335.354370
335.481293
335.611206
335.739624
335.867096
335.992523
336.121490
336.249084
336.370758
336.487671
336.605499
336.723480
336.844727
336.964966
337.084625
337.205505
337.325958
337.448242
337.571136
337.694336
337.818939
337.944763
338.072632
338.201263
338.328888
338.458221
338.587738
338.719482
338.851257
338.982941
339.116730
339.250519
339.384857
339.521545
339.655579
339.793701
339.930450
340.067139
340.202637
340.339966
340.474976
340.612305
340.750092
340.887695
341.025665
341.162842
341.300629
341.440521
341.577515
341.717834
341.856628
341.995514
342.133514
342.272949
342.412231
342.553345
342.692108
342.832214
342.972290
343.111023
343.251251
343.391144
343.531311
343.671753
343.812653
343.953552
344.094604
344.235626
344.376709
344.507141
344.628845
344.744019
344.854065
344.963379
345.070923
345.180450
345.294678
345.414276
345.538605
345.667175
345.797852
345.930725
346.064331
346.198761
346.334167
346.470978
346.608643
346.747742
346.886871
347.027466
347.166687
347.305756
347.443268
347.581757
347.719421
347.856140
347.994598
348.131958
348.271240
348.409698
348.547607
348.686829
348.825531
348.965027
349.103821
349.243469
349.384064
